# Created by Octave 11.3.0, Wed Jul 01 11:21:18 2026 EEST
# name: Rand_Score
# type: cell
# rows: 1
# columns: 10
# name: <cell-element>
# type: matrix
# rows: 100
# columns: 1
 0.19883765068664849
 0.10100142940972912
 0.24662750769398345
 0.70457183621492347
 0.22789827565154686
 0.090909412173793891
 0.045824383655662215
 0.63999975985409285
 0.52911434509913702
 0.20950703077148769
 0.26697782204911336
 0.61851975236424606
 0.80581925183280789
 0.91454758974054351
 0.22321073814882275
 0.57735214525676204
 0.15547949981178155
 0.42192181968527043
 0.53622809145470074
 0.58458599022354052
 0.64988443777952321
 0.79207936436296411
 0.94290971433505444
 0.84749436634745978
 0.4588518525873988
 0.079791976923627495
 0.65543866529488004
 0.62744604170309004
 0.97107837761361815
 0.55694974377464623
 0.56136813416315079
 0.047116375424734569
 0.9572130722067812
 0.025010755222666936
 0.77599991154624481
 0.68461425098987461
 0.63942679845788375
 0.21098284358632646
 0.17113864819809699
 0.092745843380147908
 0.10964913035065915
 0.26488016649805246
 0.063527706151957131
 0.80943045667782665
 0.63568444426440018
 0.93665458771249399
 0.42215996679968404
 0.89782288360247697
 0.27797360311009212
 0.60913100566698819
 0.97311576397937061
 0.22904807196410437
 0.029797219438070344
 0.33659454511262676
 0.026535969683863625
 0.36483217897008424
 0.82940466425299486
 0.7364712141640124
 0.21863797480360336
 0.38161928650653676
 0.39940050514039727
 0.26274160852293527
 0.552040631273227
 0.72912679795034918
 0.0064987596780610168
 0.72973178669381789
 0.60372603136689107
 0.58926568387590872
 0.21932075915728333
 0.69813939498822686
 0.98952335063659524
 0.27502931836911926
 0.50535528810336239
 0.64803538524659354
 0.086938832629416152
 0.032100243904037762
 0.2204406220406967
 0.31545304805908192
 0.84285192018980959
 0.26774087597570273
 0.50952629367646451
 0.31467788079847792
 0.34025051651799187
 0.39563190106066426
 0.37018096711688264
 0.67669948742291131
 0.80712827327438019
 0.99753760649511025
 0.23279088636103018
 0.54494148060321668
 0.096716376833464013
 0.37853437720835348
 0.86170690031077724
 0.99612138024009678
 0.87636762647266886
 0.89217956770484541
 0.28938796360210717
 0.37945544175764778
 0.16340249376192839
 0.86077970223449807



# name: <cell-element>
# type: matrix
# rows: 100
# columns: 1
 0.24662750769398345
 0.31467788079847792
 0.93665458771249399
 0.70457183621492347
 0.26697782204911336
 0.72912679795034918
 0.34025051651799187
 0.80581925183280789
 0.063527706151957131
 0.80943045667782665
 0.53622809145470074
 0.68461425098987461
 0.65543866529488004
 0.84749436634745978
 0.39563190106066426
 0.50535528810336239
 0.58458599022354052
 0.27797360311009212
 0.0064987596780610168
 0.33659454511262676
 0.7364712141640124
 0.025010755222666936
 0.092745843380147908
 0.50952629367646451
 0.80712827327438019
 0.26274160852293527
 0.045824383655662215
 0.86170690031077724
 0.63999975985409285
 0.047116375424734569
 0.28938796360210717
 0.22904807196410437
 0.20950703077148769
 0.21863797480360336
 0.99612138024009678
 0.54494148060321668
 0.84285192018980959
 0.64803538524659354
 0.37945544175764778
 0.60913100566698819
 0.60372603136689107
 0.552040631273227
 0.63942679845788375
 0.86077970223449807
 0.31545304805908192
 0.52911434509913702
 0.99753760649511025
 0.67669948742291131
 0.97311576397937061
 0.72973178669381789
 0.9572130722067812
 0.79207936436296411
 0.69813939498822686
 0.21098284358632646
 0.26488016649805246
 0.97107837761361815
 0.87636762647266886
 0.029797219438070344
 0.64988443777952321
 0.23279088636103018
 0.57735214525676204
 0.62744604170309004
 0.026535969683863625
 0.15547949981178155
 0.032100243904037762
 0.56136813416315079
 0.63568444426440018
 0.22789827565154686
 0.17113864819809699
 0.36483217897008424
 0.89782288360247697
 0.37853437720835348
 0.21932075915728333
 0.16340249376192839
 0.98952335063659524
 0.096716376833464013
 0.82940466425299486
 0.37018096711688264
 0.38161928650653676
 0.58926568387590872
 0.4588518525873988
 0.94290971433505444
 0.91454758974054351
 0.090909412173793891
 0.77599991154624481
 0.42215996679968404
 0.61851975236424606
 0.19883765068664849
 0.26774087597570273
 0.086938832629416152
 0.55694974377464623
 0.89217956770484541
 0.22321073814882275
 0.10964913035065915
 0.10100142940972912
 0.42192181968527043
 0.079791976923627495
 0.39940050514039727
 0.27502931836911926
 0.2204406220406967



# name: <cell-element>
# type: matrix
# rows: 100
# columns: 1
 0.025010755222666936
 0.22904807196410437
 0.84749436634745978
 0.80943045667782665
 0.26488016649805246
 0.090909412173793891
 0.4588518525873988
 0.079791976923627495
 0.58926568387590872
 0.84285192018980959
 0.19883765068664849
 0.032100243904037762
 0.26697782204911336
 0.98952335063659524
 0.029797219438070344
 0.22789827565154686
 0.64988443777952321
 0.15547949981178155
 0.092745843380147908
 0.2204406220406967
 0.37945544175764778
 0.97107837761361815
 0.31467788079847792
 0.68461425098987461
 0.42192181968527043
 0.80712827327438019
 0.80581925183280789
 0.10100142940972912
 0.21098284358632646
 0.89217956770484541
 0.22321073814882275
 0.0064987596780610168
 0.21863797480360336
 0.64803538524659354
 0.77599991154624481
 0.7364712141640124
 0.26774087597570273
 0.72973178669381789
 0.31545304805908192
 0.047116375424734569
 0.87636762647266886
 0.27797360311009212
 0.63942679845788375
 0.93665458771249399
 0.60913100566698819
 0.39563190106066426
 0.99612138024009678
 0.54494148060321668
 0.58458599022354052
 0.50535528810336239
 0.56136813416315079
 0.10964913035065915
 0.086938832629416152
 0.42215996679968404
 0.52911434509913702
 0.36483217897008424
 0.99753760649511025
 0.21932075915728333
 0.97311576397937061
 0.23279088636103018
 0.62744604170309004
 0.63568444426440018
 0.37853437720835348
 0.89782288360247697
 0.50952629367646451
 0.026535969683863625
 0.57735214525676204
 0.79207936436296411
 0.9572130722067812
 0.38161928650653676
 0.39940050514039727
 0.552040631273227
 0.86077970223449807
 0.67669948742291131
 0.63999975985409285
 0.55694974377464623
 0.20950703077148769
 0.17113864819809699
 0.61851975236424606
 0.60372603136689107
 0.28938796360210717
 0.063527706151957131
 0.34025051651799187
 0.65543866529488004
 0.27502931836911926
 0.94290971433505444
 0.70457183621492347
 0.24662750769398345
 0.16340249376192839
 0.33659454511262676
 0.53622809145470074
 0.26274160852293527
 0.37018096711688264
 0.86170690031077724
 0.69813939498822686
 0.045824383655662215
 0.82940466425299486
 0.096716376833464013
 0.91454758974054351
 0.72912679795034918



